#Layer_Color=32768
#
#Feature symbol names
#
$0 r3.937
$1 r10
$2 r1.9685

#
#Feature attribute names
#

#
#Layer features
#
A 2.2165354 3.7677165 2.2165354 3.7677165 2.1614173 3.7677165 0 P 0 N
A 2.2519685 3.019685 2.2519685 3.019685 2.1968504 3.019685 0 P 0 N
A 2.5 3.1377953 2.5 3.1377953 2.4448819 3.1377953 0 P 0 N
A 2.7125976 3.9409443 2.7125976 3.9409443 2.6574795 3.9409443 0 P 0 N
A 3.0183671 3.4932677 3.0183671 3.4932677 3.0150393 3.4932677 1 P 0 N
A 3.1574808 3.9094482 3.1574808 3.9094482 3.1023627 3.9094482 0 P 0 N
A 3.2867462 3.909448 3.2867462 3.909448 3.2316281 3.909448 0 P 0 N
A 3.4160106 3.909448 3.4160106 3.909448 3.3608925 3.909448 0 P 0 N
A 3.545276 3.9094488 3.545276 3.9094488 3.4901579 3.9094488 0 P 0 N
A 3.6745408 3.9094482 3.6745408 3.9094482 3.6194227 3.9094482 0 P 0 N
A 3.8038064 3.9094488 3.8038064 3.9094488 3.7486883 3.9094488 0 P 0 N
A 3.8503937 3.0629921 3.8503937 3.0629921 3.7952756 3.0629921 0 P 0 N
A 3.9330708 3.9094482 3.9330708 3.9094482 3.8779527 3.9094482 0 P 0 N
L 2.138346 3.557166 2.138346 3.65559 0 P 0
L 2.138346 3.557166 2.181654 3.557166 0 P 0
L 2.138346 3.65559 2.181654 3.65559 0 P 0
L 2.160944 3.385472 2.160944 3.444528 0 P 0
L 2.160944 3.385472 2.279056 3.385472 0 P 0
L 2.160944 3.444528 2.279056 3.444528 0 P 0
L 2.1663384 3.1027564 2.1663384 3.2346464 0 P 0
L 2.1663384 3.1027564 2.2273624 3.1027564 0 P 0
L 2.1663384 3.2346464 2.2273624 3.2346464 0 P 0
L 2.1663384 3.2411426 2.1663384 3.3730306 0 P 0
L 2.1663384 3.2411426 2.2273624 3.2411426 0 P 0
L 2.1663384 3.3730306 2.2273624 3.3730306 0 P 0
L 2.180788 3.448346 2.180788 3.491654 0 P 0
L 2.180788 3.448346 2.279212 3.448346 0 P 0
L 2.180788 3.491654 2.279212 3.491654 0 P 0
L 2.181654 3.557166 2.181654 3.65559 0 P 0
L 2.190118 3.49185 2.190118 3.59815 0 P 0
L 2.190118 3.49185 2.236132 3.49185 0 P 0
L 2.190118 3.59815 2.22629 3.59815 0 P 0
L 2.190788 3.606378 2.190788 3.653622 0 P 0
L 2.190788 3.606378 2.289212 3.606378 0 P 0
L 2.190788 3.653622 2.289212 3.653622 0 P 0
L 2.22629 3.59815 2.294696 3.59815 0 P 0
L 2.2273624 3.1027564 2.2273624 3.2346464 0 P 0
L 2.2273624 3.2411426 2.2273624 3.3730306 0 P 0
L 2.2303145 3.1870085 2.2303145 3.2854325 0 P 0
L 2.2303145 3.1870085 2.2736225 3.1870085 0 P 0
L 2.2303145 3.2854325 2.2736225 3.2854325 0 P 0
L 2.2322826 3.1082673 2.2322826 3.1673233 0 P 0
L 2.2322826 3.1082673 2.3503946 3.1082673 0 P 0
L 2.2322826 3.1673233 2.3503946 3.1673233 0 P 0
L 2.2322835 3.3031496 2.2322835 3.3818898 0 P 0
L 2.2322835 3.3031496 2.3267717 3.3031496 0 P 0
L 2.2322835 3.3818898 2.3267717 3.3818898 0 P 0
L 2.2342516 3.7059046 2.3720476 3.7059066 0 P 0
L 2.2342516 3.7059066 2.2342516 3.8456686 0 P 0
L 2.2342516 3.8456686 2.3720476 3.8456686 0 P 0
L 2.236132 3.49185 2.284852 3.49185 0 P 0
L 2.2736225 3.1870085 2.2736225 3.2854325 0 P 0
L 2.2775586 3.1722445 2.2775586 3.2982285 0 P 0
L 2.2775586 3.1722445 2.3375986 3.1722445 0 P 0
L 2.2775586 3.2982285 2.3375986 3.2982285 0 P 0
L 2.279056 3.385472 2.279056 3.444528 0 P 0
L 2.279212 3.448346 2.279212 3.491654 0 P 0
L 2.281378 3.38441 2.281378 3.482834 0 P 0
L 2.281378 3.38441 2.328622 3.38441 0 P 0
L 2.281378 3.482834 2.328622 3.482834 0 P 0
L 2.284852 3.49185 2.329882 3.49185 0 P 0
L 2.289212 3.606378 2.289212 3.653622 0 P 0
L 2.294696 3.59815 2.329882 3.59815 0 P 0
L 2.3267717 3.3031496 2.3267717 3.3818898 0 P 0
L 2.328622 3.38441 2.328622 3.482834 0 P 0
L 2.329882 3.49185 2.329882 3.59815 0 P 0
L 2.3307087 3.3031496 2.3307087 3.3818898 0 P 0
L 2.3307087 3.3031496 2.4251969 3.3031496 0 P 0
L 2.3307087 3.3818898 2.4251969 3.3818898 0 P 0
L 2.3375986 3.1722445 2.3375986 3.2982285 0 P 0
L 2.340788 3.496378 2.340788 3.543622 0 P 0
L 2.340788 3.496378 2.439212 3.496378 0 P 0
L 2.340788 3.543622 2.439212 3.543622 0 P 0
L 2.342598 3.556102 2.342598 3.693898 0 P 0
L 2.342598 3.556102 2.417402 3.556102 0 P 0
L 2.342598 3.693898 2.417402 3.693898 0 P 0
L 2.3503946 3.1082673 2.3503946 3.1673233 0 P 0
L 2.3720476 3.7059066 2.3720476 3.8456686 0 P 0
L 2.375788 3.811378 2.375788 3.858622 0 P 0
L 2.375788 3.811378 2.474212 3.811378 0 P 0
L 2.375788 3.858622 2.474212 3.858622 0 P 0
L 2.376378 3.710788 2.376378 3.809212 0 P 0
L 2.376378 3.710788 2.423622 3.710788 0 P 0
L 2.376378 3.809212 2.423622 3.809212 0 P 0
L 2.3858268 3.3976378 2.3858268 3.476378 0 P 0
L 2.3858268 3.3976378 2.480315 3.3976378 0 P 0
L 2.3858268 3.476378 2.480315 3.476378 0 P 0
L 2.417402 3.556102 2.417402 3.693898 0 P 0
L 2.423622 3.710788 2.423622 3.809212 0 P 0
L 2.4251969 3.3031496 2.4251969 3.3818898 0 P 0
L 2.4271654 3.7303144 2.4271654 3.8051184 0 P 0
L 2.4271654 3.7303144 2.5649614 3.7303144 0 P 0
L 2.4271654 3.8051184 2.5649614 3.8051184 0 P 0
L 2.4311023 3.5718502 2.4311023 3.6476382 0 P 0
L 2.4311023 3.5718502 2.5620083 3.5718502 0 P 0
L 2.4311023 3.6476382 2.5620083 3.6476382 0 P 0
L 2.4311023 3.6505904 2.4311023 3.7263784 0 P 0
L 2.4311023 3.6505904 2.5620083 3.6505904 0 P 0
L 2.4311023 3.7263784 2.5620083 3.7263784 0 P 0
L 2.439212 3.496378 2.439212 3.543622 0 P 0
L 2.474212 3.811378 2.474212 3.858622 0 P 0
L 2.475158 3.804488 2.475158 3.865512 0 P 0
L 2.475158 3.804488 2.607048 3.804488 0 P 0
L 2.475158 3.865512 2.607048 3.865512 0 P 0
L 2.480315 3.3976378 2.480315 3.476378 0 P 0
L 2.480315 3.3976378 2.480315 3.476378 0 P 0
L 2.480315 3.3976378 2.5748032 3.3976378 0 P 0
L 2.480315 3.476378 2.5748032 3.476378 0 P 0
L 2.5255912 3.4803151 2.5255912 3.5275591 0 P 0
L 2.5255912 3.4803151 2.6240152 3.4803151 0 P 0
L 2.5255912 3.5275591 2.6240152 3.5275591 0 P 0
L 2.5620083 3.5718502 2.5620083 3.6476382 0 P 0
L 2.5620083 3.6505904 2.5620083 3.7263784 0 P 0
L 2.5649614 3.7303144 2.5649614 3.8051184 0 P 0
L 2.56744 3.624686 2.56744 3.756574 0 P 0
L 2.56744 3.624686 2.62256 3.624686 0 P 0
L 2.56744 3.7487 2.62256 3.7487 0 P 0
L 2.56744 3.756574 2.62256 3.756574 0 P 0
L 2.570788 3.346378 2.570788 3.393622 0 P 0
L 2.570788 3.346378 2.669212 3.346378 0 P 0
L 2.570788 3.393622 2.669212 3.393622 0 P 0
L 2.5708662 3.3976379 2.5708662 3.4763779 0 P 0
L 2.5708662 3.3976379 2.6653542 3.3976379 0 P 0
L 2.5708662 3.4763779 2.6653542 3.4763779 0 P 0
L 2.5726372 3.5346451 2.6226372 3.5346451 0 P 0
L 2.5726372 3.5348431 2.5726372 3.6153551 0 P 0
L 2.5726372 3.6153551 2.6228352 3.6153551 0 P 0
L 2.5748032 3.3976378 2.5748032 3.476378 0 P 0
L 2.607048 3.804488 2.607048 3.865512 0 P 0
L 2.62256 3.624686 2.62256 3.756574 0 P 0
L 2.6228352 3.5346451 2.6228352 3.6153551 0 P 0
L 2.6240152 3.4803151 2.6240152 3.5275591 0 P 0
L 2.6279528 3.7933066 2.6279528 3.8681106 0 P 0
L 2.6279528 3.7933066 2.7657488 3.7933066 0 P 0
L 2.6279528 3.8681106 2.7657488 3.8681106 0 P 0
L 2.629212 3.47752 2.629212 3.79248 0 P 0
L 2.629212 3.47752 3.030788 3.47752 0 P 0
L 2.629212 3.79248 3.030788 3.79248 0 P 0
L 2.6653542 3.3976379 2.6653542 3.4763779 0 P 0
L 2.669212 3.346378 2.669212 3.393622 0 P 0
L 2.676378 3.37441 2.676378 3.472834 0 P 0
L 2.676378 3.37441 2.723622 3.37441 0 P 0
L 2.676378 3.472834 2.723622 3.472834 0 P 0
L 2.723622 3.37441 2.723622 3.472834 0 P 0
L 2.7657488 3.7933066 2.7657488 3.8681106 0 P 0
L 2.8838575 3.7933068 2.8838575 3.8681108 0 P 0
L 2.8838575 3.7933068 3.0216535 3.7933068 0 P 0
L 2.8838575 3.8681108 3.0216535 3.8681108 0 P 0
L 2.912598 3.231102 2.912598 3.368898 0 P 0
L 2.912598 3.231102 2.987402 3.231102 0 P 0
L 2.912598 3.368898 2.987402 3.368898 0 P 0
L 2.921062 2.981456 2.921062 3.086772 1 P 0
L 2.921062 2.981456 3.227166 2.981456 1 P 0
L 2.921062 3.086772 3.227166 3.086772 1 P 0
L 2.987402 3.231102 2.987402 3.368898 0 P 0
L 2.996378 3.162166 2.996378 3.26059 0 P 0
L 2.996378 3.162166 3.043622 3.162166 0 P 0
L 2.996378 3.26059 3.043622 3.26059 0 P 0
L 2.996378 3.265788 2.996378 3.364212 0 P 0
L 2.996378 3.265788 3.043622 3.265788 0 P 0
L 2.996378 3.364212 3.043622 3.364212 0 P 0
L 3.0216535 3.7933068 3.0216535 3.8681108 0 P 0
L 3.030788 3.47752 3.030788 3.79248 0 P 0
L 3.036102 3.387598 3.036102 3.462402 0 P 0
L 3.036102 3.387598 3.173898 3.387598 0 P 0
L 3.036102 3.462402 3.173898 3.462402 0 P 0
L 3.043622 3.162166 3.043622 3.26059 0 P 0
L 3.043622 3.265788 3.043622 3.364212 0 P 0
L 3.051378 3.162166 3.051378 3.26059 0 P 0
L 3.051378 3.162166 3.098622 3.162166 0 P 0
L 3.051378 3.26059 3.098622 3.26059 0 P 0
L 3.051378 3.265788 3.051378 3.364212 0 P 0
L 3.051378 3.265788 3.098622 3.265788 0 P 0
L 3.051378 3.364212 3.098622 3.364212 0 P 0
L 3.098622 3.162166 3.098622 3.26059 0 P 0
L 3.098622 3.265788 3.098622 3.364212 0 P 0
L 3.112322 3.159056 3.112322 3.28996 0 P 0
L 3.112322 3.159056 3.277678 3.159056 0 P 0
L 3.112322 3.28996 3.277678 3.28996 0 P 0
L 3.11941 3.336378 3.11941 3.383622 0 P 0
L 3.11941 3.336378 3.217834 3.336378 0 P 0
L 3.11941 3.383622 3.217834 3.383622 0 P 0
L 3.120788 3.293346 3.120788 3.336654 0 P 0
L 3.120788 3.293346 3.219212 3.293346 0 P 0
L 3.120788 3.336654 3.219212 3.336654 0 P 0
L 3.159448 3.5610225 3.159448 3.6358265 0 P 0
L 3.159448 3.5610225 3.297244 3.5610225 0 P 0
L 3.159448 3.6358265 3.297244 3.6358265 0 P 0
L 3.1594494 3.4862193 3.1594494 3.5610233 0 P 0
L 3.1594494 3.4862193 3.2972454 3.4862193 0 P 0
L 3.1594494 3.5610233 3.2972454 3.5610233 0 P 0
L 3.173898 3.387598 3.173898 3.462402 0 P 0
L 3.176378 3.385788 3.176378 3.484212 0 P 0
L 3.176378 3.385788 3.223622 3.385788 0 P 0
L 3.176378 3.484212 3.223622 3.484212 0 P 0
L 3.217834 3.336378 3.217834 3.383622 0 P 0
L 3.219212 3.293346 3.219212 3.336654 0 P 0
L 3.223622 3.385788 3.223622 3.484212 0 P 0
L 3.22441 3.428346 3.22441 3.471654 0 P 0
L 3.22441 3.428346 3.322834 3.428346 0 P 0
L 3.22441 3.471654 3.322834 3.471654 0 P 0
L 3.225118 3.32185 3.225118 3.42815 0 P 0
L 3.225118 3.32185 3.271132 3.32185 0 P 0
L 3.225118 3.42815 3.26129 3.42815 0 P 0
L 3.227166 2.981456 3.227166 3.086772 1 P 0
L 3.26129 3.42815 3.329694 3.42815 0 P 0
L 3.271132 3.32185 3.319852 3.32185 0 P 0
L 3.27626 2.982008 3.27626 3.107992 2 P 0
L 3.27626 2.982008 3.43374 2.982008 2 P 0
L 3.27626 3.107992 3.43374 3.107992 2 P 0
L 3.277678 3.159056 3.277678 3.28996 0 P 0
L 3.280118 3.11185 3.280118 3.21815 0 P 0
L 3.280118 3.11185 3.326132 3.11185 0 P 0
L 3.280118 3.21815 3.31629 3.21815 0 P 0
L 3.281378 3.222166 3.281378 3.32059 0 P 0
L 3.281378 3.222166 3.328622 3.222166 0 P 0
L 3.281378 3.32059 3.328622 3.32059 0 P 0
L 3.297244 3.5610225 3.297244 3.6358265 0 P 0
L 3.2972454 3.4862193 3.2972454 3.5610233 0 P 0
L 3.31629 3.21815 3.384694 3.21815 0 P 0
L 3.319852 3.32185 3.364882 3.32185 0 P 0
L 3.322834 3.428346 3.322834 3.471654 0 P 0
L 3.3233858 3.4341339 3.3233858 3.5758661 2 P 0
L 3.3233858 3.4341339 3.4966142 3.4341339 2 P 0
L 3.3233858 3.5758661 3.4966142 3.5758661 2 P 0
L 3.326132 3.11185 3.374852 3.11185 0 P 0
L 3.328622 3.222166 3.328622 3.32059 0 P 0
L 3.329694 3.42815 3.364882 3.42815 0 P 0
L 3.33063 3.227756 3.33063 3.322244 0 P 0
L 3.33063 3.227756 3.40937 3.227756 0 P 0
L 3.33063 3.322244 3.40937 3.322244 0 P 0
L 3.335316 3.045 3.374686 3.045 2 P 0
L 3.3405525 2.9389768 3.3405525 2.9822848 0 P 0
L 3.3405525 2.9389768 3.4389765 2.9389768 0 P 0
L 3.3405525 2.9822848 3.4389765 2.9822848 0 P 0
L 3.3538579 3.706535 3.3538579 3.781339 0 P 0
L 3.3538579 3.706535 3.4916539 3.706535 0 P 0
L 3.3538579 3.781339 3.4916539 3.781339 0 P 0
L 3.355 3.025314 3.355 3.064686 2 P 0
L 3.364882 3.32185 3.364882 3.42815 0 P 0
L 3.366378 3.325788 3.366378 3.424212 0 P 0
L 3.366378 3.325788 3.413622 3.325788 0 P 0
L 3.366378 3.424212 3.413622 3.424212 0 P 0
L 3.374852 3.11185 3.419882 3.11185 0 P 0
L 3.384694 3.21815 3.419882 3.21815 0 P 0
L 3.40937 3.227756 3.40937 3.322244 0 P 0
L 3.4104319 3.584095 3.4104319 3.703779 0 P 0
L 3.4104319 3.584095 3.5901579 3.584095 0 P 0
L 3.4104319 3.703779 3.5901579 3.703779 0 P 0
L 3.4133859 3.3248037 3.4133859 3.4232277 0 P 0
L 3.4133859 3.3248037 3.4606299 3.3248037 0 P 0
L 3.4133859 3.4232277 3.4606299 3.4232277 0 P 0
L 3.413622 3.325788 3.413622 3.424212 0 P 0
L 3.419882 3.11185 3.419882 3.21815 0 P 0
L 3.420788 3.143346 3.420788 3.186654 0 P 0
L 3.420788 3.143346 3.519212 3.143346 0 P 0
L 3.420788 3.186654 3.519212 3.186654 0 P 0
L 3.43374 2.982008 3.43374 3.107992 2 P 0
L 3.4389765 2.9389768 3.4389765 2.9822848 0 P 0
L 3.4606299 3.3248037 3.4606299 3.4232277 0 P 0
L 3.4645669 3 3.4645669 3.1417322 2 P 0
L 3.4645669 3 3.6377953 3 2 P 0
L 3.4645669 3.1417322 3.6377953 3.1417322 2 P 0
L 3.4645669 3.2322835 3.4645669 3.3267717 0 P 0
L 3.4645669 3.2322835 3.5433071 3.2322835 0 P 0
L 3.4645669 3.3267716 3.4645669 3.4212598 0 P 0
L 3.4645669 3.3267716 3.5433071 3.3267716 0 P 0
L 3.4645669 3.3267717 3.5433071 3.3267717 0 P 0
L 3.4645669 3.4212598 3.5433071 3.4212598 0 P 0
L 3.4916539 3.706535 3.4916539 3.781339 0 P 0
L 3.4927959 3.705551 3.4927959 3.781339 0 P 0
L 3.4927959 3.705551 3.6236999 3.705551 0 P 0
L 3.4927959 3.781339 3.6236999 3.781339 0 P 0
L 3.4966142 3.4341339 3.4966142 3.5758661 2 P 0
L 3.519212 3.143346 3.519212 3.186654 0 P 0
L 3.5433071 3.2322835 3.5433071 3.3267717 0 P 0
L 3.5433071 3.3267716 3.5433071 3.4212598 0 P 0
L 3.5748032 3.1732282 3.5748032 3.574803 0 P 0
L 3.5748032 3.1732282 3.976378 3.1732282 0 P 0
L 3.5748032 3.574803 3.976378 3.574803 0 P 0
L 3.5901579 3.584095 3.5901579 3.703779 0 P 0
L 3.6236999 3.705551 3.6236999 3.781339 0 P 0
L 3.6377953 3 3.6377953 3.1417322 2 P 0
L 3.976378 3.1732282 3.976378 3.574803 0 P 0
