#Layer_Color=16711935
#
#Feature symbol names
#
$0 r3.937
$1 r10
$2 r7.874

#
#Feature attribute names
#

#
#Layer features
#
A 3.339252 3.064685 3.339252 3.064685 3.323504 3.064685 0 P 0 N
A 3.4336868 3.4602673 3.4336221 3.4616929 3.4493701 3.4616929 0 P 0 N
A 3.5274943 3.1155988 3.527559 3.1141732 3.511811 3.1141732 0 P 0 N
L 2.14819 3.584724 2.14819 3.628032 0 P 0
L 2.14819 3.584724 2.171812 3.584724 0 P 0
L 2.14819 3.628032 2.171812 3.628032 0 P 0
L 2.171812 3.584724 2.171812 3.628032 0 P 0
L 2.1722444 3.1352364 2.1722444 3.2021664 0 P 0
L 2.1722444 3.1352364 2.2214564 3.1352364 0 P 0
L 2.1722444 3.2021664 2.2214564 3.2021664 0 P 0
L 2.1722444 3.2736226 2.1722444 3.3405506 0 P 0
L 2.1722444 3.2736226 2.2214564 3.2736226 0 P 0
L 2.1722444 3.3405506 2.2214564 3.3405506 0 P 0
L 2.186536 3.3963 2.186536 3.4337 0 P 0
L 2.186536 3.3963 2.253464 3.3963 0 P 0
L 2.186536 3.4337 2.253464 3.4337 0 P 0
L 2.208346 3.458188 2.208346 3.48181 0 P 0
L 2.208346 3.458188 2.251654 3.458188 0 P 0
L 2.208346 3.48181 2.251654 3.48181 0 P 0
L 2.218346 3.61819 2.218346 3.641812 0 P 0
L 2.218346 3.61819 2.261654 3.61819 0 P 0
L 2.218346 3.641812 2.261654 3.641812 0 P 0
L 2.2214564 3.1352364 2.2214564 3.2021664 0 P 0
L 2.2214564 3.2736226 2.2214564 3.3405506 0 P 0
L 2.2401565 3.2145665 2.2401565 3.2578745 0 P 0
L 2.2401565 3.2145665 2.2637785 3.2145665 0 P 0
L 2.2401565 3.2578745 2.2637785 3.2578745 0 P 0
L 2.251654 3.458188 2.251654 3.48181 0 P 0
L 2.253464 3.3963 2.253464 3.4337 0 P 0
L 2.2578746 3.1190953 2.2578746 3.1564953 0 P 0
L 2.2578746 3.1190953 2.3248026 3.1190953 0 P 0
L 2.2578746 3.1564953 2.3248026 3.1564953 0 P 0
L 2.261654 3.61819 2.261654 3.641812 0 P 0
L 2.2637785 3.2145665 2.2637785 3.2578745 0 P 0
L 2.2755896 3.7155506 2.2755896 3.8356306 0 P 0
L 2.2755896 3.7155506 2.3307096 3.7155506 0 P 0
L 2.2755896 3.8356306 2.3307096 3.8356306 0 P 0
L 2.2897646 3.1952765 2.2897646 3.2031505 2 P 0
L 2.2897646 3.1952765 2.3244086 3.1952765 2 P 0
L 2.2897646 3.2031505 2.3244086 3.2031505 2 P 0
L 2.2897646 3.2692905 2.2897646 3.2771645 2 P 0
L 2.2897646 3.2692905 2.3244086 3.2692905 2 P 0
L 2.2897646 3.2771645 2.3244086 3.2771645 2 P 0
L 2.293188 3.411968 2.293188 3.455276 0 P 0
L 2.293188 3.411968 2.316812 3.411968 0 P 0
L 2.293188 3.455276 2.316812 3.455276 0 P 0
L 2.316812 3.411968 2.316812 3.455276 0 P 0
L 2.3244086 3.1952765 2.3244086 3.2031505 2 P 0
L 2.3244086 3.2692905 2.3244086 3.2771645 2 P 0
L 2.3248026 3.1190953 2.3248026 3.1564953 0 P 0
L 2.3307096 3.7155506 2.3307096 3.8356306 0 P 0
L 2.353426 3.581694 2.353426 3.668308 0 P 0
L 2.353426 3.581694 2.406574 3.581694 0 P 0
L 2.353426 3.668308 2.406574 3.668308 0 P 0
L 2.368346 3.50819 2.368346 3.531812 0 P 0
L 2.368346 3.50819 2.411654 3.50819 0 P 0
L 2.368346 3.531812 2.411654 3.531812 0 P 0
L 2.388188 3.738346 2.388188 3.781654 0 P 0
L 2.388188 3.738346 2.411812 3.738346 0 P 0
L 2.388188 3.781654 2.411812 3.781654 0 P 0
L 2.403346 3.823188 2.403346 3.846812 0 P 0
L 2.403346 3.823188 2.446654 3.823188 0 P 0
L 2.403346 3.846812 2.446654 3.846812 0 P 0
L 2.406574 3.581694 2.406574 3.668308 0 P 0
L 2.411654 3.50819 2.411654 3.531812 0 P 0
L 2.411812 3.738346 2.411812 3.781654 0 P 0
L 2.446654 3.823188 2.446654 3.846812 0 P 0
L 2.4527554 3.7411424 2.4527554 3.7942904 0 P 0
L 2.4527554 3.7411424 2.5393694 3.7411424 0 P 0
L 2.4527554 3.7942904 2.5393694 3.7942904 0 P 0
L 2.507638 3.810394 2.507638 3.859606 0 P 0
L 2.507638 3.810394 2.574568 3.810394 0 P 0
L 2.507638 3.859606 2.574568 3.859606 0 P 0
L 2.5393694 3.7411424 2.5393694 3.7942904 0 P 0
L 2.5531492 3.4921251 2.5531492 3.5157491 0 P 0
L 2.5531492 3.4921251 2.5964572 3.4921251 0 P 0
L 2.5531492 3.5157491 2.5964572 3.5157491 0 P 0
L 2.574568 3.810394 2.574568 3.859606 0 P 0
L 2.5964572 3.4921251 2.5964572 3.5157491 0 P 0
L 2.598346 3.358188 2.598346 3.381812 0 P 0
L 2.598346 3.358188 2.641654 3.358188 0 P 0
L 2.598346 3.381812 2.641654 3.381812 0 P 0
L 2.641654 3.358188 2.641654 3.381812 0 P 0
L 2.652834 3.536574 2.652834 3.733426 0 P 0
L 2.652834 3.536574 3.007166 3.536574 0 P 0
L 2.652834 3.733426 3.007166 3.733426 0 P 0
L 2.6535428 3.8041346 2.6535428 3.8572826 0 P 0
L 2.6535428 3.8041346 2.7401568 3.8041346 0 P 0
L 2.6535428 3.8572826 2.7401568 3.8572826 0 P 0
L 2.688188 3.401968 2.688188 3.445276 0 P 0
L 2.688188 3.401968 2.711812 3.401968 0 P 0
L 2.688188 3.445276 2.711812 3.445276 0 P 0
L 2.711812 3.401968 2.711812 3.445276 0 P 0
L 2.7401568 3.8041346 2.7401568 3.8572826 0 P 0
L 2.9094495 3.8041348 2.9094495 3.8572828 0 P 0
L 2.9094495 3.8041348 2.9960635 3.8041348 0 P 0
L 2.9094495 3.8572828 2.9960635 3.8572828 0 P 0
L 2.923426 3.256694 2.923426 3.343308 0 P 0
L 2.923426 3.256694 2.976574 3.256694 0 P 0
L 2.923426 3.343308 2.976574 3.343308 0 P 0
L 2.93681 2.999174 2.93681 3.069056 1 P 0
L 2.93681 2.999174 3.212402 2.999174 1 P 0
L 2.93681 3.069056 3.212402 3.069056 1 P 0
L 2.976574 3.256694 2.976574 3.343308 0 P 0
L 2.9960635 3.8041348 2.9960635 3.8572828 0 P 0
L 3.007166 3.536574 3.007166 3.733426 0 P 0
L 3.008188 3.189724 3.008188 3.233032 0 P 0
L 3.008188 3.189724 3.031812 3.189724 0 P 0
L 3.008188 3.233032 3.031812 3.233032 0 P 0
L 3.008188 3.293346 3.008188 3.336654 0 P 0
L 3.008188 3.293346 3.031812 3.293346 0 P 0
L 3.008188 3.336654 3.031812 3.336654 0 P 0
L 3.031812 3.189724 3.031812 3.233032 0 P 0
L 3.031812 3.293346 3.031812 3.336654 0 P 0
L 3.061694 3.398426 3.061694 3.451574 0 P 0
L 3.061694 3.398426 3.148308 3.398426 0 P 0
L 3.061694 3.451574 3.148308 3.451574 0 P 0
L 3.063188 3.189724 3.063188 3.233032 0 P 0
L 3.063188 3.189724 3.086812 3.189724 0 P 0
L 3.063188 3.233032 3.086812 3.233032 0 P 0
L 3.063188 3.293346 3.063188 3.336654 0 P 0
L 3.063188 3.293346 3.086812 3.293346 0 P 0
L 3.063188 3.336654 3.086812 3.336654 0 P 0
L 3.086812 3.189724 3.086812 3.233032 0 P 0
L 3.086812 3.293346 3.086812 3.336654 0 P 0
L 3.146968 3.348188 3.146968 3.371812 0 P 0
L 3.146968 3.348188 3.190276 3.348188 0 P 0
L 3.146968 3.371812 3.190276 3.371812 0 P 0
L 3.148308 3.398426 3.148308 3.451574 0 P 0
L 3.148346 3.303188 3.148346 3.32681 0 P 0
L 3.148346 3.303188 3.191654 3.303188 0 P 0
L 3.148346 3.32681 3.191654 3.32681 0 P 0
L 3.185038 3.5718505 3.185038 3.6249985 0 P 0
L 3.185038 3.5718505 3.271652 3.5718505 0 P 0
L 3.185038 3.6249985 3.271652 3.6249985 0 P 0
L 3.1850394 3.4970473 3.1850394 3.5501953 0 P 0
L 3.1850394 3.4970473 3.2716534 3.4970473 0 P 0
L 3.1850394 3.5501953 3.2716534 3.5501953 0 P 0
L 3.188188 3.413346 3.188188 3.456654 0 P 0
L 3.188188 3.413346 3.211812 3.413346 0 P 0
L 3.188188 3.456654 3.211812 3.456654 0 P 0
L 3.190276 3.348188 3.190276 3.371812 0 P 0
L 3.191654 3.303188 3.191654 3.32681 0 P 0
L 3.211812 3.413346 3.211812 3.456654 0 P 0
L 3.212402 2.999174 3.212402 3.069056 1 P 0
L 3.251968 3.438188 3.251968 3.46181 0 P 0
L 3.251968 3.438188 3.295276 3.438188 0 P 0
L 3.251968 3.46181 3.295276 3.46181 0 P 0
L 3.271652 3.5718505 3.271652 3.6249985 0 P 0
L 3.2716534 3.4970473 3.2716534 3.5501953 0 P 0
L 3.293188 3.249724 3.293188 3.293032 0 P 0
L 3.293188 3.249724 3.316812 3.249724 0 P 0
L 3.293188 3.293032 3.316812 3.293032 0 P 0
L 3.295276 3.438188 3.295276 3.46181 0 P 0
L 3.295946 2.985944 3.295946 3.104056 0 P 0
L 3.295946 2.985944 3.414056 2.985944 0 P 0
L 3.295946 3.104056 3.414056 3.104056 0 P 0
L 3.316812 3.249724 3.316812 3.293032 0 P 0
L 3.3450394 3.4400393 3.3450394 3.5699606 0 P 0
L 3.3450394 3.4400393 3.4749607 3.4400393 0 P 0
L 3.3450394 3.5699606 3.4749607 3.5699606 0 P 0
L 3.3681105 2.9488188 3.3681105 2.9724408 0 P 0
L 3.3681105 2.9488188 3.4114185 2.9488188 0 P 0
L 3.3681105 2.9724408 3.4114185 2.9724408 0 P 0
L 3.378188 3.353346 3.378188 3.396654 0 P 0
L 3.378188 3.353346 3.401812 3.353346 0 P 0
L 3.378188 3.396654 3.401812 3.396654 0 P 0
L 3.3794499 3.717363 3.3794499 3.770511 0 P 0
L 3.3794499 3.717363 3.4660639 3.717363 0 P 0
L 3.3794499 3.770511 3.4660639 3.770511 0 P 0
L 3.401812 3.353346 3.401812 3.396654 0 P 0
L 3.4114185 2.9488188 3.4114185 2.9724408 0 P 0
L 3.414056 2.985944 3.414056 3.104056 0 P 0
L 3.4251959 3.3523617 3.4251959 3.3956697 0 P 0
L 3.4251959 3.3523617 3.4488199 3.3523617 0 P 0
L 3.4251959 3.3956697 3.4488199 3.3956697 0 P 0
L 3.448346 3.15319 3.448346 3.176812 0 P 0
L 3.448346 3.15319 3.491654 3.15319 0 P 0
L 3.448346 3.176812 3.491654 3.176812 0 P 0
L 3.4488199 3.3523617 3.4488199 3.3956697 0 P 0
L 3.4660639 3.717363 3.4660639 3.770511 0 P 0
L 3.4749607 3.4400393 3.4749607 3.5699606 0 P 0
L 3.4862204 3.0059055 3.4862204 3.1358268 0 P 0
L 3.4862204 3.0059055 3.6161417 3.0059055 0 P 0
L 3.4862204 3.1358268 3.6161417 3.1358268 0 P 0
L 3.491654 3.15319 3.491654 3.176812 0 P 0
L 3.5748032 3.1732282 3.5748032 3.574803 0 P 0
L 3.5748032 3.1732282 3.976378 3.1732282 0 P 0
L 3.5748032 3.574803 3.976378 3.574803 0 P 0
L 3.6161417 3.0059055 3.6161417 3.1358268 0 P 0
L 3.976378 3.1732282 3.976378 3.574803 0 P 0
