#Layer_Color=32896
#
#Feature symbol names
#
$0 r3.937

#
#Feature attribute names
#

#
#Layer features
#
A 13.0621858 2.4347647 13.1409257 2.3560248 13.1409257 2.4347647 0 P 0 N
A 13.140926 1.9229537 13.0621858 1.8442135 13.140926 1.8442135 0 P 0 N
A 4.8785509 2.913947 4.9899063 2.913947 4.9342286 2.9696247 0 P 0 N
A 4.9899063 0.3380232 4.8785509 0.3380232 4.9342286 0.2823455 0 P 0 N
A 9.2624115 0 9.2902504 0.0115312 9.2624115 0.0393701 0 P 0 N
A 9.2902504 3.240439 9.2624115 3.2519702 9.2624115 3.2126001 0 P 0 N
A 9.5128314 3.017858 9.5464358 3.0317774 9.5267508 3.0317774 0 P 0 N
A 9.5464358 0.2201927 9.5128314 0.2341121 9.5267508 0.2201927 0 P 0 N
A 9.5464359 0.0393701 9.585806 0 9.585806 0.0393701 0 P 0 N
A 9.585806 3.2519702 9.5464359 3.2126001 9.585806 3.2126001 0 P 0 N
L 0.0031236 0.5289384 0.0031236 0.551181 0 P 0
L 0.0031236 0.5289384 0.532062 0 0 P 0
L 0.0031236 0.7872049 0.0031236 1.507874 0 P 0
L 0.0031236 1.7438979 0.0031236 2.4645669 0 P 0
L 0.0031236 2.7005908 0.0031236 2.7230318 0 P 0
L 0.0031236 2.7230318 0.532062 3.2519702 0 P 0
L -0.4330709 0.551181 0.0031236 0.551181 0 P 0
L -0.4330709 0.551181 -0.4330709 0.7872049 0 P 0
L -0.4330709 0.7872049 0.0031236 0.7872049 0 P 0
L -0.4330709 1.507874 0.0031236 1.507874 0 P 0
L -0.4330709 1.507874 -0.4330709 1.7438979 0 P 0
L -0.4330709 1.7438979 0.0031236 1.7438979 0 P 0
L -0.4330709 2.4645669 0.0031236 2.4645669 0 P 0
L -0.4330709 2.4645669 -0.4330709 2.7005908 0 P 0
L -0.4330709 2.7005908 0.0031236 2.7005908 0 P 0
L 0.532062 0 2.5623768 0 0 P 0
L 0.5320864 3.2519946 2.5622047 3.2519946 0 P 0
L 12.0110233 3.2519946 12.0110233 3.6881891 0 P 0
L 12.0110233 3.6881891 12.2470472 3.6881891 0 P 0
L 12.0112198 -0.4362189 12.0112198 -0.0000244 0 P 0
L 12.0112198 -0.4362189 12.2472437 -0.4362189 0 P 0
L 12.2470472 3.2519946 12.2470472 3.6881891 0 P 0
L 12.2470716 3.2519702 12.6446028 3.2519702 0 P 0
L 12.2472437 -0.0000244 12.6445784 -0.0000244 0 P 0
L 12.2472437 -0.4362189 12.2472437 -0.0000244 0 P 0
L 12.6446028 0 13.0621858 0.4175829 0 P 0
L 12.6446028 3.2519702 13.0621858 2.8343872 0 P 0
L 13.0621239 0.5513794 13.4983184 0.5513794 0 P 0
L 13.0621239 0.7874033 13.0621239 1.5080723 0 P 0
L 13.0621239 0.7874033 13.4983184 0.7874033 0 P 0
L 13.0621239 1.5080723 13.4983184 1.5080723 0 P 0
L 13.0621239 1.7440962 13.4983184 1.7440962 0 P 0
L 13.0621239 2.4348266 13.0621239 2.4647653 0 P 0
L 13.0621239 2.4647653 13.4983184 2.4647653 0 P 0
L 13.0621239 2.7007892 13.4983184 2.7007892 0 P 0
L 13.0621858 0.4175829 13.0621858 0.5513175 0 P 0
L 13.0621858 1.7441581 13.0621858 1.8442135 0 P 0
L 13.0621858 2.7008511 13.0621858 2.8343872 0 P 0
L 13.1409257 2.3560248 14.9125805 2.3560248 0 P 0
L 13.140926 1.9229537 14.9125805 1.9229537 0 P 0
L 13.4983184 0.5513794 13.4983184 0.7874033 0 P 0
L 13.4983184 1.5080723 13.4983184 1.7440962 0 P 0
L 13.4983184 2.4647653 13.4983184 2.7007892 0 P 0
L 14.9125805 1.9229537 14.9125805 2.3560248 0 P 0
L 2.5622047 3.2519946 2.5622047 3.6881891 0 P 0
L 2.5622047 3.6881891 2.7982286 3.6881891 0 P 0
L 2.5624012 -0.4362189 2.5624012 -0.0000244 0 P 0
L 2.5624012 -0.4362189 2.7984251 -0.4362189 0 P 0
L 2.7982286 3.2519946 2.7982286 3.6881891 0 P 0
L 2.798253 3.2519702 4.5405276 3.2519702 0 P 0
L 2.7984251 -0.0000244 4.5405032 -0.0000244 0 P 0
L 2.7984251 -0.4362189 2.7984251 -0.0000244 0 P 0
L 4.5405276 0 4.8785509 0.3380232 0 P 0
L 4.5405276 3.2519702 4.8785509 2.9139469 0 P 0
L 4.8785509 2.9139469 4.8785509 2.913947 0 P 0
L 4.9899063 0.3380232 4.9899064 0.3380232 0 P 0
L 4.9899063 2.913947 4.9899064 2.9139469 0 P 0
L 4.9899064 0.3380232 5.3279296 0 0 P 0
L 4.9899064 2.9139469 5.3279296 3.2519702 0 P 0
L 5.3279296 0 5.711983 0 0 P 0
L 5.327954 3.2519946 5.7118109 3.2519946 0 P 0
L 5.7118109 3.2519946 5.7118109 3.6881891 0 P 0
L 5.7118109 3.6881891 5.9478348 3.6881891 0 P 0
L 5.7120074 -0.4362189 5.7120074 -0.0000244 0 P 0
L 5.7120074 -0.4362189 5.9480313 -0.4362189 0 P 0
L 5.9478348 3.2519946 5.9478348 3.6881891 0 P 0
L 5.9478348 3.2519946 8.8614171 3.2519946 0 P 0
L 5.9480313 -0.0000244 8.8616136 -0.0000244 0 P 0
L 5.9480313 -0.4362189 5.9480313 -0.0000244 0 P 0
L 8.8614171 3.2519946 8.8614171 3.6881891 0 P 0
L 8.8614171 3.6881891 9.097441 3.6881891 0 P 0
L 8.8616136 -0.4362189 8.8616136 -0.0000244 0 P 0
L 8.8616136 -0.4362189 9.0976375 -0.4362189 0 P 0
L 9.097441 3.2519946 9.097441 3.6881891 0 P 0
L 9.097441 3.2519946 9.2623871 3.2519946 0 P 0
L 9.0976375 -0.0000244 9.2623871 -0.0000244 0 P 0
L 9.0976375 -0.4362189 9.0976375 -0.0000244 0 P 0
L 9.2902504 0.0115312 9.5128314 0.2341122 0 P 0
L 9.2902504 3.240439 9.5128314 3.017858 0 P 0
L 9.5128314 0.2341121 9.5128314 0.2341122 0 P 0
L 9.5464358 0.2201927 9.5464359 0.2201927 0 P 0
L 9.5464358 3.0317774 9.5464359 3.0317774 0 P 0
L 9.5464359 0.0393701 9.5464359 0.2201927 0 P 0
L 9.5464359 3.0317774 9.5464359 3.2126001 0 P 0
L 9.585806 0 12.0111954 0 0 P 0
L 9.5858304 3.2519946 12.0110233 3.2519946 0 P 0
