#Layer_Color=16711935
#
#Feature symbol names
#
$0 r3.937
$1 r1.9685

#
#Feature attribute names
#

#
#Layer features
#
L 2.14819 3.606378 2.171812 3.606378 0 P 0
L 2.16 3.594568 2.16 3.61819 0 P 0
L 2.2013 3.415 2.2387 3.415 1 P 0
L 2.21819 3.47 2.241812 3.47 0 P 0
L 2.22 3.3963 2.22 3.4337 1 P 0
L 2.22819 3.63 2.251812 3.63 0 P 0
L 2.23 3.458188 2.23 3.48181 0 P 0
L 2.24 3.61819 2.24 3.641812 0 P 0
L 2.2401565 3.2362205 2.2637785 3.2362205 0 P 0
L 2.240316 3.545 2.279686 3.545 0 P 0
L 2.2519685 3.2244085 2.2519685 3.2480325 0 P 0
L 2.26 3.525316 2.26 3.564686 0 P 0
L 2.2726386 3.1377953 2.3100386 3.1377953 1 P 0
L 2.2834636 3.7755906 2.3228356 3.7755906 0 P 0
L 2.2913386 3.1190953 2.2913386 3.1564953 1 P 0
L 2.293188 3.433622 2.316812 3.433622 0 P 0
L 2.3031496 3.7559046 2.3031496 3.7952766 0 P 0
L 2.305 3.421812 2.305 3.445434 0 P 0
L 2.360314 3.625 2.399684 3.625 0 P 0
L 2.37819 3.52 2.401812 3.52 0 P 0
L 2.38 3.605316 2.38 3.644686 0 P 0
L 2.388188 3.76 2.411812 3.76 0 P 0
L 2.39 3.50819 2.39 3.531812 0 P 0
L 2.4 3.74819 2.4 3.771812 0 P 0
L 2.41319 3.835 2.436812 3.835 0 P 0
L 2.425 3.823188 2.425 3.846812 0 P 0
L 2.4763774 3.7677164 2.5157474 3.7677164 0 P 0
L 2.4960634 3.7480304 2.4960634 3.7874024 0 P 0
L 2.5629912 3.5039371 2.5866152 3.5039371 0 P 0
L 2.5748032 3.4921251 2.5748032 3.5157491 0 P 0
L 2.58811 3.689646 2.603858 3.689646 0 P 0
L 2.595 3.681772 2.595 3.69752 0 P 0
L 2.60819 3.37 2.631812 3.37 0 P 0
L 2.62 3.358188 2.62 3.381812 0 P 0
L 2.6771648 3.8307086 2.7165348 3.8307086 0 P 0
L 2.688188 3.423622 2.711812 3.423622 0 P 0
L 2.6968508 3.8110226 2.6968508 3.8503946 0 P 0
L 2.7 3.411812 2.7 3.435434 0 P 0
L 2.930314 3.3 2.969684 3.3 0 P 0
L 2.9330715 3.8307088 2.9724415 3.8307088 0 P 0
L 2.95 3.280316 2.95 3.319686 0 P 0
L 2.9527555 3.8110248 2.9527555 3.8503948 0 P 0
L 3.008188 3.211378 3.031812 3.211378 0 P 0
L 3.008188 3.315 3.031812 3.315 0 P 0
L 3.02 3.199568 3.02 3.22319 0 P 0
L 3.02 3.30319 3.02 3.326812 0 P 0
L 3.063188 3.211378 3.086812 3.211378 0 P 0
L 3.063188 3.315 3.086812 3.315 0 P 0
L 3.075 3.199568 3.075 3.22319 0 P 0
L 3.075 3.30319 3.075 3.326812 0 P 0
L 3.085316 3.425 3.124686 3.425 0 P 0
L 3.105 3.405316 3.105 3.444686 0 P 0
L 3.156812 3.36 3.180434 3.36 0 P 0
L 3.15819 3.315 3.181812 3.315 0 P 0
L 3.168622 3.348188 3.168622 3.371812 0 P 0
L 3.17 3.303188 3.17 3.32681 0 P 0
L 3.188188 3.435 3.211812 3.435 0 P 0
L 3.2 3.42319 3.2 3.446812 0 P 0
L 3.20866 3.5984245 3.24803 3.5984245 0 P 0
L 3.2086614 3.5236213 3.2480314 3.5236213 0 P 0
L 3.228346 3.5787385 3.228346 3.6181085 0 P 0
L 3.2283474 3.5039353 3.2283474 3.5433053 0 P 0
L 3.261812 3.45 3.285434 3.45 0 P 0
L 3.273622 3.438188 3.273622 3.46181 0 P 0
L 3.293188 3.271378 3.316812 3.271378 0 P 0
L 3.305 3.259568 3.305 3.28319 0 P 0
L 3.3779545 2.9606308 3.4015765 2.9606308 0 P 0
L 3.378188 3.375 3.401812 3.375 0 P 0
L 3.3897645 2.9488188 3.3897645 2.9724408 0 P 0
L 3.39 3.363188 3.39 3.38681 0 P 0
L 3.4030719 3.743937 3.4424419 3.743937 0 P 0
L 3.4227559 3.724253 3.4227559 3.763623 0 P 0
L 3.4251959 3.3740157 3.4488199 3.3740157 0 P 0
L 3.4370079 3.3622057 3.4370079 3.3858277 0 P 0
L 3.458188 3.165 3.48181 3.165 0 P 0
L 3.4627759 3.643937 3.5001759 3.643937 0 P 0
L 3.47 3.15319 3.47 3.176812 0 P 0
L 3.4814759 3.625237 3.4814759 3.662637 0 P 0
